7.713206432667459644e+00 1.016014324393445278e+01
2.075194935940150032e-01 1.477860480243512775e+01
6.336482349262753999e+00 1.493652691130440147e+01
7.488038825386118091e+00 1.029828348384464753e+01
4.985070123025904465e+00 1.473391146451109535e+01
2.247966455308476608e+00 1.487414518015894238e+01
1.980628647596239800e+00 1.970070423921517033e+01
7.605307121989587138e+00 1.525157835424968411e+01
1.691108365625354493e+00 1.486113422310407906e+01
8.833981417401026714e-01 1.511461121747244540e+01
6.853598183677972244e+00 1.977265875077912938e+01
9.533933461949365196e+00 1.487313576184001995e+01
3.948266327914451423e-02 1.495281751462368725e+01
5.121922633857765916e+00 1.470067990976034267e+01
8.126209616521135715e+00 1.473416304799649801e+01
6.125260668293881494e+00 1.517715491610522349e+01
7.217553174317995257e+00 1.516837089817598283e+01
2.918760681706331628e+00 1.523337205516963344e+01
9.177741225129434355e+00 1.525050233699164615e+01
7.145757833976905893e+00 1.509114537580359716e+01
5.425443680112612910e+00 1.491439434924923191e+01
1.421700476015269610e+00 1.516849616429918512e+01
3.733407600514691893e+00 1.479022820849076147e+01
6.741336150663452820e+00 1.471022284683680859e+01
4.418331744229960556e+00 1.527694888585981658e+01
4.340139933332936906e+00 1.529899687013668874e+01
6.177669784693171628e+00 1.512289273689187397e+01
5.131382425543908887e+00 1.470165781540331906e+01
6.503971819314672054e+00 1.476817812906544880e+01
6.010389534045444293e+00 1.526615203703951096e+01
8.052231968327465239e+00 1.478626123587417496e+01
5.216471523936341725e+00 1.472928577861112664e+01
9.086488808086683022e+00 1.529292294431823507e+01
3.192360889885452746e+00 1.493949597632745352e+01
9.045934927090737432e-01 1.513767654996459733e+01
3.007000566362033389e+00 1.515382074797458145e+01
1.139843618635497657e+00 1.529649483116865127e+01
8.286813263076766134e+00 1.470385719727026519e+01
4.689631938924976318e-01 1.471385100004016167e+01
6.262871483113925386e+00 1.502434977364006308e+01
